2020 07 19 02 39 55 43 0 Khemmis
2020 07 19 02 58 52 157 0 Khemmis
2020 07 19 02 58 58 184 0 Khemmis
2020 07 19 02 59 03 49 0 Khemmis
2020 07 19 02 59 08 173 0 Khemmis
2020 07 19 02 59 12 143 0 Khemmis
2020 07 19 02 59 15 101 0 Khemmis
2020 07 19 02 59 19 161 0 Khemmis
2020 07 19 02 59 25 23 0 Khemmis
2020 07 19 02 59 28 140 0 Khemmis
2020 07 19 02 59 33 166 0 Khemmis
2020 07 19 02 59 37 28 0 Khemmis
2020 07 19 02 59 41 147 0 Khemmis
2020 07 19 02 59 46 185 0 Khemmis
2020 07 19 02 59 55 27 0 Khemmis
2020 07 19 03 13 10 146 0 XDodie
2020 07 19 03 13 11 146 0 XDodie
2020 07 19 03 38 58 240 0 XDodie
2020 07 19 03 39 01 241 0 XDodie
2020 07 19 03 39 05 215 0 XDodie
2020 07 19 03 39 09 247 0 XDodie
2020 07 19 03 39 14 242 0 XDodie
2020 07 19 03 39 17 207 0 XDodie
2020 07 19 03 40 07 166 1 XDodie
2020 08 03 15 22 59 252 0 XDodie
2020 08 03 15 32 30 252 0 XDodie
2020 08 03 15 32 31 203 0 XDodie
2020 08 03 15 32 31 146 0 XDodie
2020 08 03 15 32 31 283 0 XDodie
2020 08 03 15 32 31 247 0 XDodie
2020 08 03 15 32 31 241 0 XDodie
2020 08 03 15 32 31 254 0 XDodie
2020 08 03 15 32 31 240 0 XDodie
2020 08 03 15 32 31 241 0 XDodie
2020 08 03 15 32 31 215 0 XDodie
2020 08 03 15 32 32 247 0 XDodie
2020 08 03 15 32 32 166 0 XDodie
2020 08 03 15 32 32 229 0 XDodie
2020 08 03 15 32 32 278 0 XDodie
2020 08 03 15 32 32 215 0 XDodie
2020 08 03 15 32 32 184 0 XDodie
2020 08 03 15 32 32 254 0 XDodie
2020 08 03 15 32 33 268 0 XDodie
2020 08 03 18 15 04 252 0 XDodie
2020 08 03 18 15 04 203 0 XDodie
2020 08 03 18 15 04 146 0 XDodie
2020 08 03 18 15 04 283 0 XDodie
2020 08 03 18 15 04 247 0 XDodie
2020 08 03 18 15 05 241 0 XDodie
2020 08 03 18 15 05 254 0 XDodie
2020 08 03 18 15 05 240 0 XDodie
2020 08 03 18 15 05 241 0 XDodie
2020 08 03 18 15 05 215 0 XDodie
2020 08 03 18 15 05 247 0 XDodie
2020 08 03 18 15 05 241 0 XDodie
2020 08 03 18 15 05 219 0 XDodie
2020 08 03 18 15 06 166 0 XDodie
2020 08 03 18 15 06 229 0 XDodie
2020 08 03 18 15 06 278 0 XDodie
2020 08 03 18 15 06 215 0 XDodie
2020 08 03 18 15 06 184 0 XDodie
2020 08 03 18 15 06 254 0 XDodie
2020 08 03 18 15 06 268 0 XDodie
2020 08 04 01 46 10 220 0 Khemmis
2020 08 04 01 46 12 224 0 Khemmis
2020 08 04 01 46 15 265 0 Khemmis
2020 08 04 01 46 18 24 0 Khemmis
2020 08 04 01 46 20 284 0 Khemmis
2020 08 04 01 46 22 9 0 Khemmis
2020 08 04 01 46 24 289 0 Khemmis
2020 08 04 01 46 26 50 0 Khemmis
2020 08 04 01 46 29 178 0 Khemmis
2020 08 04 01 46 31 17 0 Khemmis
2020 08 04 01 46 33 25 0 Khemmis
2020 08 04 01 46 36 257 0 Khemmis
2020 08 04 01 46 38 64 0 Khemmis
2020 08 04 01 46 40 224 0 Khemmis
2020 08 04 01 46 42 251 0 Khemmis
2020 08 04 02 02 15 128 0 Khemmis
2020 08 04 02 02 18 282 0 Khemmis
2020 08 04 02 02 27 258 0 Khemmis
2020 08 04 02 04 18 223 0 Khemmis
2020 08 04 02 16 23 251 0 Khemmis
2020 08 04 02 16 25 30 0 Khemmis
2020 08 04 02 16 29 236 0 Khemmis
2020 08 04 02 16 32 159 0 Khemmis
2020 08 04 02 16 33 189 0 Khemmis
2020 08 04 02 16 36 126 0 Khemmis
2020 08 04 02 16 40 264 0 Khemmis
2020 08 04 02 16 42 262 0 Khemmis
2020 08 04 02 16 46 199 0 Khemmis
2020 08 04 02 16 48 44 0 Khemmis
2020 08 04 02 16 50 107 0 Khemmis
2020 08 04 02 16 53 145 0 Khemmis
2020 08 04 02 16 55 174 0 Khemmis
2020 08 04 02 19 38 96 0 Khemmis
2020 08 04 02 19 52 178 0 Khemmis
2020 08 04 02 25 03 280 0 Khemmis
2020 08 04 02 36 12 277 0 Khemmis
2020 08 04 02 36 15 199 0 Khemmis
2020 08 04 02 36 19 65 0 Khemmis
2020 08 04 02 47 04 199 0 Khemmis
2020 08 04 02 53 39 77 0 Khemmis
2020 08 04 02 53 40 226 0 Khemmis
2020 08 04 02 53 44 278 0 Khemmis
2020 08 04 02 53 46 65 0 Khemmis
2020 08 04 02 53 49 248 0 Khemmis
2020 08 04 02 53 51 254 0 Khemmis
2020 08 04 02 53 54 172 0 Khemmis
2020 08 04 02 53 57 195 0 Khemmis
2020 08 04 02 53 59 156 0 Khemmis
2020 08 04 02 54 06 123 0 Khemmis
2020 08 04 02 54 08 60 0 Khemmis
2020 08 04 02 54 11 171 0 Khemmis
2020 08 04 02 54 13 242 0 Khemmis
2020 08 04 02 57 26 186 0 Khemmis
2020 08 04 02 57 29 225 0 Khemmis
2020 08 04 03 25 19 173 0 Khemmis
2020 08 04 03 27 56 64 0 Khemmis
2020 08 04 03 32 41 273 0 Khemmis
2020 08 04 03 33 00 223 0 Khemmis
2020 08 04 03 33 02 143 0 Khemmis
2020 08 04 03 33 05 233 0 Khemmis
2020 08 04 03 33 07 92 0 Khemmis
2020 08 04 03 33 11 202 0 Khemmis
2020 08 04 03 33 13 154 0 Khemmis
2020 08 04 03 33 20 27 0 Khemmis
2020 08 04 03 33 22 160 0 Khemmis
2020 08 04 03 33 26 151 0 Khemmis
2020 08 04 03 33 28 276 0 Khemmis
2020 08 04 03 33 36 128 0 Khemmis
2020 08 04 03 33 41 129 0 Khemmis
2020 08 04 03 33 46 268 0 Khemmis
2020 08 04 03 33 49 70 0 Khemmis
2020 08 04 04 04 25 123 0 Khemmis
2020 08 04 04 07 05 237 0 Khemmis
2020 08 04 04 51 23 251 0 Khemmis
2020 08 04 05 24 00 157 0 Khemmis
2020 08 04 05 24 05 130 0 Khemmis
2020 08 04 05 24 08 126 0 Khemmis
2020 08 04 05 24 10 247 0 Khemmis
2020 08 04 05 24 14 288 0 Khemmis
2020 08 04 05 24 17 25 0 Khemmis
2020 08 04 05 24 19 189 0 Khemmis
2020 08 04 05 24 21 252 0 Khemmis
2020 08 04 05 24 23 98 0 Khemmis
2020 08 04 05 24 28 177 0 Khemmis
2020 08 04 05 24 34 12 0 Khemmis
2020 08 04 05 24 36 48 1 Khemmis
2020 09 14 12 33 23 29 0 Khemmis
2020 09 14 12 33 23 77 0 Khemmis
2020 09 14 12 33 24 112 0 Khemmis
2020 09 14 12 33 24 100 0 Khemmis
2020 09 14 12 34 51 180 0 Khemmis
2020 09 14 12 35 19 185 0 Khemmis
2020 09 14 12 35 23 154 0 Khemmis
2020 09 15 22 29 32 167 0 Khemmis
2020 09 15 22 30 33 186 0 Khemmis
2020 09 15 22 36 10 125 0 Khemmis
2020 09 15 22 37 37 101 0 Khemmis
2020 09 15 22 39 43 110 0 Khemmis
2020 09 15 22 40 00 53 0 Khemmis
2020 09 15 22 40 59 89 0 Khemmis
2020 09 15 22 41 23 91 0 Khemmis
2020 09 15 22 41 31 44 0 Khemmis
2020 09 15 23 07 41 164 0 Khemmis
2020 09 15 23 17 26 28 0 Khemmis
2020 09 15 23 19 02 116 0 Khemmis
2020 09 15 23 19 06 22 0 Khemmis
2020 09 15 23 27 25 38 0 Khemmis
2020 09 15 23 27 26 62 0 Khemmis
2020 09 15 23 27 30 165 0 Khemmis
2020 09 15 23 27 34 159 0 Khemmis
2020 09 15 23 27 39 39 0 Khemmis
2020 09 15 23 30 42 148 0 Khemmis
2020 09 15 23 38 16 120 0 Khemmis
2020 09 15 23 41 23 172 0 Khemmis
2020 09 15 23 41 26 76 0 Khemmis
2020 09 15 23 41 29 173 0 Khemmis
2020 09 15 23 41 31 154 0 Khemmis
2020 09 15 23 42 29 103 0 Khemmis
2020 09 15 23 49 19 15 0 Khemmis
2020 09 15 23 49 23 78 0 Khemmis
2020 09 15 23 50 58 166 0 Khemmis
2020 09 15 23 55 59 119 0 Khemmis
2020 09 15 23 56 03 70 0 Khemmis
2020 09 15 23 57 27 1 0 Khemmis
2020 09 15 23 57 29 -1 0 Khemmis
2020 09 15 23 57 42 103 0 Khemmis
2020 09 15 23 58 35 171 0 Khemmis
2020 09 15 23 59 05 11 0 Khemmis
2020 09 16 00 14 43 90 0 Khemmis
2020 09 16 00 15 35 77 0 Khemmis
2020 09 16 00 19 45 36 0 Khemmis
2020 09 16 00 19 47 82 0 Khemmis
2020 09 16 00 19 57 152 0 Khemmis
2020 09 16 00 20 09 47 0 Khemmis
2020 09 16 00 20 12 124 0 Khemmis
2020 09 16 00 20 21 181 0 Khemmis
2020 09 16 00 23 31 74 0 Khemmis
2020 09 16 00 26 15 138 0 Khemmis
2020 09 16 00 26 31 34 0 Khemmis
2020 09 16 00 26 36 184 0 Khemmis
2020 09 16 00 26 38 100 0 Khemmis
2020 09 16 00 30 36 52 0 Khemmis
2020 09 16 00 31 46 3 0 Khemmis
2020 09 16 00 31 51 9 0 Khemmis
2020 09 16 00 31 54 67 0 Khemmis
2020 09 16 00 50 37 54 0 Khemmis
2020 09 16 00 50 40 33 0 Khemmis
2020 09 16 00 50 43 156 0 Khemmis
2020 09 16 00 50 45 167 0 Khemmis
2020 09 16 00 50 49 119 0 Khemmis
2020 09 16 00 50 52 160 0 Khemmis
2020 09 16 00 50 57 29 0 Khemmis
2020 09 16 00 51 00 152 0 Khemmis
2020 09 16 00 51 14 184 0 Khemmis
2020 09 16 00 56 41 20 0 Khemmis
2020 09 16 00 56 47 146 0 Khemmis
2020 09 16 00 56 51 73 0 Khemmis
2020 09 16 00 56 58 5 0 Khemmis
2020 09 16 00 57 24 99 0 Khemmis
2020 09 16 01 01 57 2 0 Khemmis
2020 09 16 01 02 23 126 0 Khemmis
2020 09 16 01 05 36 131 0 Khemmis
2020 09 16 01 21 26 100 0 Khemmis
2020 09 16 01 22 33 84 0 Khemmis
2020 09 16 01 22 45 161 0 Khemmis
2020 09 16 01 47 07 142 0 Khemmis
2020 09 16 01 47 10 152 0 Khemmis
2020 09 16 01 47 12 131 0 Khemmis
2020 09 16 01 47 14 97 0 Khemmis
2020 09 16 01 47 16 178 0 Khemmis
2020 09 16 01 47 18 81 0 Khemmis
2020 09 16 01 47 21 185 0 Khemmis
2020 09 16 01 47 23 141 0 Khemmis
2020 09 16 01 47 25 32 0 Khemmis
2020 09 16 01 47 27 49 0 Khemmis
2020 09 16 01 47 30 185 0 Khemmis
2020 09 16 01 47 32 102 0 Khemmis
2020 09 16 01 47 35 178 0 Khemmis
2020 09 16 01 47 38 94 0 Khemmis
2020 09 16 01 47 42 185 0 Khemmis
2020 09 16 01 47 43 80 0 Khemmis
2020 09 16 01 47 45 47 0 Khemmis
2020 09 16 01 52 49 85 0 Khemmis
2020 09 16 02 18 05 176 0 Khemmis
2020 09 16 02 19 50 184 0 Khemmis
2020 09 16 02 26 06 65 0 Khemmis
2020 09 16 02 26 45 149 0 Khemmis
2020 09 16 02 33 18 172 0 Khemmis
2020 09 16 02 33 21 172 0 Khemmis
2020 09 16 02 33 24 119 0 Khemmis
2020 09 16 02 33 25 34 0 Khemmis
2020 09 16 02 33 30 152 0 Khemmis
2020 09 16 02 33 33 3 0 Khemmis
2020 09 16 02 33 35 78 0 Khemmis
2020 09 16 02 56 46 62 0 Khemmis
2020 09 16 02 56 50 105 0 Khemmis
2020 09 16 03 13 54 62 0 Khemmis
2020 09 16 03 13 57 46 1 Khemmis
2020 09 16 09 50 55 25 0 Khemmis
2020 09 16 09 57 16 153 0 Khemmis
2020 09 16 09 57 23 154 0 Khemmis
2020 09 16 09 59 14 140 0 Khemmis
2020 09 16 09 59 18 105 0 Khemmis
2020 09 16 09 59 22 173 0 Khemmis
2020 09 16 09 59 26 166 0 Khemmis
2020 09 16 09 59 26 153 0 Khemmis
2020 09 16 09 59 34 51 0 Khemmis
2020 09 16 09 59 38 90 0 Khemmis
2020 09 16 09 59 41 61 0 Khemmis
2020 09 16 10 04 45 117 0 Khemmis
2020 09 16 10 14 02 153 0 Khemmis
2020 09 16 10 14 08 45 0 Khemmis
2020 09 16 10 14 14 41 0 Khemmis
2020 09 16 10 14 18 75 0 Khemmis
2020 09 16 10 17 46 163 0 Khemmis
2020 09 16 10 21 38 60 0 Khemmis
2020 09 16 10 32 38 84 0 Khemmis
2020 09 16 10 32 58 103 0 Khemmis
2020 09 16 10 36 44 145 0 Khemmis
2020 09 16 10 43 11 22 0 Khemmis
2020 09 16 10 43 15 82 0 Khemmis
2020 09 16 10 43 17 160 0 Khemmis
2020 09 16 10 43 20 63 0 Khemmis
2020 09 16 10 43 22 144 0 Khemmis
2020 09 16 10 43 26 143 0 Khemmis
2020 09 16 10 43 34 184 0 Khemmis
2020 09 16 10 45 01 22 0 Khemmis
2020 09 16 10 45 35 141 0 Khemmis
2020 09 16 10 45 41 119 0 Khemmis
2020 09 16 10 47 37 176 0 Khemmis
2020 09 16 10 49 18 157 0 Khemmis
2020 09 16 10 50 00 161 0 Khemmis
2020 09 16 10 55 22 129 0 Khemmis
2020 09 16 11 05 37 67 0 Khemmis
2020 09 16 11 13 26 149 0 Khemmis
2020 09 16 11 17 18 183 0 Khemmis
2020 09 16 11 19 16 156 0 Khemmis
2020 09 16 11 19 20 125 0 Khemmis
2020 09 16 11 19 24 11 0 Khemmis
2020 09 16 11 19 27 95 0 Khemmis
2020 09 16 11 19 33 22 0 Khemmis
2020 09 16 11 19 37 110 0 Khemmis
2020 09 16 11 19 41 159 0 Khemmis
2020 09 16 11 19 45 37 0 Khemmis
2020 09 16 11 25 00 14 0 Khemmis
2020 09 16 11 25 05 31 0 Khemmis
2020 09 16 11 26 02 97 0 Khemmis
2020 09 16 11 26 05 166 0 Khemmis
2020 09 16 11 26 10 70 0 Khemmis
2020 09 16 11 26 16 47 0 Khemmis
2020 09 16 11 26 19 30 0 Khemmis
2020 09 16 11 35 16 138 0 Khemmis
2020 09 16 11 43 29 152 0 Khemmis
2020 09 16 11 49 49 107 0 Khemmis
2020 09 16 11 50 27 77 0 Khemmis
2020 09 16 11 50 31 160 0 Khemmis
2020 09 16 11 50 33 105 0 Khemmis
2020 09 16 11 50 39 143 0 Khemmis
2020 09 16 11 50 42 100 0 Khemmis
2020 09 16 11 50 46 139 0 Khemmis
2020 09 16 11 50 51 166 0 Khemmis
2020 10 27 01 27 32 105 0 XDodie
2020 10 27 01 30 25 110 0 XDodie
2020 10 27 01 30 31 113 0 XDodie
2020 10 27 01 32 32 57 0 XDodie
2020 10 27 01 32 43 171 0 XDodie
2020 10 27 01 32 55 182 0 XDodie
2020 10 27 01 33 00 31 0 XDodie
2020 10 27 01 33 09 153 0 XDodie
2020 10 27 01 34 18 105 0 XDodie
2020 10 27 01 34 22 153 0 XDodie
2020 10 27 01 38 06 173 0 XDodie
2020 10 27 01 38 10 152 0 XDodie
2020 10 27 01 39 20 113 0 XDodie
2020 10 27 01 41 09 34 0 XDodie
2020 10 27 01 45 36 139 0 XDodie
2020 10 27 01 45 42 160 0 XDodie
2020 10 27 01 47 56 47 0 XDodie
2020 10 27 01 54 48 22 0 XDodie
2020 10 27 01 55 00 96 0 XDodie
2020 10 27 02 00 28 56 0 XDodie
2020 10 27 02 00 34 78 0 XDodie
2020 10 27 02 02 48 114 0 XDodie
2020 10 27 02 02 57 4 0 XDodie
2020 10 27 02 03 10 178 0 XDodie
2020 10 27 02 04 16 178 0 XDodie
2020 10 27 02 04 26 78 0 XDodie
2020 10 27 02 04 29 166 0 XDodie
2020 10 27 02 04 33 153 0 XDodie
2020 10 27 02 04 40 71 0 XDodie
2020 10 27 02 08 11 107 0 XDodie
2020 10 27 02 08 14 181 0 XDodie
2020 10 27 02 09 22 172 0 XDodie
2020 10 27 02 14 08 81 0 XDodie
2020 10 27 02 15 38 172 0 XDodie
2020 10 27 02 15 45 169 0 XDodie
2020 10 27 02 15 57 68 0 XDodie
2020 10 27 02 24 18 185 0 XDodie
2020 10 27 02 25 15 159 0 XDodie
2020 10 27 02 25 47 172 0 XDodie
2020 10 27 02 32 52 168 0 XDodie
2020 10 27 02 33 14 100 0 XDodie
2020 10 27 02 34 19 31 0 XDodie
2020 10 27 02 34 46 149 0 XDodie
2020 10 27 02 34 52 143 0 XDodie
2020 10 27 02 34 56 186 0 XDodie
2020 10 27 02 34 59 21 0 XDodie
2020 10 27 02 35 06 104 0 XDodie
2020 10 27 02 35 11 106 0 XDodie
2020 10 27 02 38 18 70 1 XDodie
2020 10 27 12 56 45 78 0 XDodie
2020 10 27 13 09 27 167 0 XDodie
2020 10 27 13 12 51 295 0 XDodie
2020 10 27 13 12 59 157 0 XDodie
2020 10 27 13 13 39 183 0 XDodie
2020 10 27 13 15 48 77 0 XDodie
2020 10 27 13 17 04 168 0 XDodie
2020 10 27 13 17 07 138 0 XDodie
2020 10 27 13 17 12 159 0 XDodie
2020 10 27 13 17 15 185 0 XDodie
2020 10 27 13 17 17 172 0 XDodie
2020 10 27 13 17 22 28 0 XDodie
2020 10 27 13 17 25 165 0 XDodie
2020 10 27 13 17 29 147 0 XDodie
2020 10 27 13 19 36 1 0 XDodie
2020 10 27 13 20 49 139 0 XDodie
2020 10 27 13 27 48 89 0 XDodie
2020 10 27 13 34 36 99 0 XDodie
2020 10 27 13 39 30 165 0 XDodie
2020 10 27 13 42 32 292 0 XDodie
2020 10 27 13 43 02 167 0 XDodie
2020 10 27 13 43 41 179 0 XDodie
2020 10 27 13 47 05 184 0 XDodie
2020 10 27 13 47 09 101 0 XDodie
2020 10 27 13 47 15 161 0 XDodie
2020 10 27 13 47 18 80 0 XDodie
2020 10 27 13 47 21 61 1 XDodie
2020 10 27 23 52 06 56 0 XDodie
2020 10 27 23 52 11 108 0 XDodie
2020 10 27 23 52 16 20 0 XDodie
2020 10 27 23 52 23 159 0 XDodie
2020 10 27 23 55 35 165 0 XDodie
2020 10 27 23 56 05 100 0 XDodie
2020 10 27 23 56 10 77 0 XDodie
2020 10 27 23 56 16 159 0 XDodie
2020 10 28 00 12 16 146 0 XDodie
2020 10 28 00 12 21 160 0 XDodie
2020 10 28 00 15 24 172 0 XDodie
2020 10 28 00 15 47 180 0 XDodie
2020 10 28 00 20 09 185 0 XDodie
2020 10 28 00 21 16 154 0 XDodie
2020 10 28 00 23 35 292 0 XDodie
2020 10 28 00 25 37 94 0 XDodie
2020 10 28 00 26 18 110 0 XDodie
2020 10 28 00 28 12 49 0 XDodie
2020 10 28 00 28 23 48 0 XDodie
2020 10 28 00 31 56 166 0 XDodie
2020 10 28 00 32 27 77 0 XDodie
2020 10 28 00 32 30 77 0 XDodie
2020 10 28 00 32 36 81 0 XDodie
2020 10 28 00 34 32 151 0 XDodie
2020 10 28 00 35 46 129 0 XDodie
2020 10 28 00 35 48 185 0 XDodie
2020 10 28 00 42 18 126 1 XDodie
2020 10 28 12 00 14 23 0 XDodie
2020 10 28 12 06 44 144 0 XDodie
2020 10 28 12 07 01 23 0 XDodie
2020 10 28 12 07 03 141 0 XDodie
2020 10 28 12 07 06 50 0 XDodie
2020 10 28 12 07 12 176 0 XDodie
2020 10 28 12 07 34 170 0 XDodie
2020 10 28 12 10 14 146 0 XDodie
2020 10 28 12 11 19 152 0 XDodie
2020 10 28 12 25 36 49 0 XDodie
2020 10 28 12 27 01 14 0 XDodie
2020 10 28 12 34 40 48 0 XDodie
2020 10 28 12 34 47 66 0 XDodie
2020 10 28 12 34 52 148 0 XDodie
2020 10 28 12 34 58 145 0 XDodie
2020 10 28 12 38 34 5 0 XDodie
2020 10 28 12 38 41 186 0 XDodie
2020 10 28 12 43 31 12 0 XDodie
2020 10 28 12 43 35 138 0 XDodie
2020 10 28 12 43 38 166 0 XDodie
2020 10 28 12 43 42 78 0 XDodie
2020 10 28 12 43 45 131 0 XDodie
2020 10 28 12 43 48 116 0 XDodie
2020 10 28 12 43 51 51 0 XDodie
2020 10 28 12 43 58 60 0 XDodie
2020 10 28 12 47 05 292 0 XDodie
2020 10 28 13 04 42 165 0 XDodie
2020 10 28 13 10 41 100 0 XDodie
2020 10 28 13 13 36 78 0 XDodie
2020 10 28 13 13 53 92 0 XDodie
2020 10 28 13 14 35 110 0 XDodie
2020 10 28 13 14 38 22 0 XDodie
2020 10 28 13 14 41 130 0 XDodie
2020 10 28 13 14 44 100 0 XDodie
2020 10 28 13 14 48 64 0 XDodie
2020 10 28 13 14 53 104 0 XDodie
2020 10 28 13 15 04 80 0 XDodie
2020 10 28 13 16 53 29 0 XDodie
2020 10 28 13 17 12 125 0 XDodie
2020 10 28 13 17 25 75 0 XDodie
2020 10 28 13 37 02 48 0 XDodie
2020 10 28 13 44 52 124 1 XDodie
